sp_id	sp_gq_id	age	sex
939529051	450028677	90	F
939529050	450028677	74	F
939529049	450028677	92	F
939529048	450028677	84	F
939529047	450028677	87	F
939529046	450028677	90	F
940480677	450028677	66	M
940480676	450028677	83	M
940480675	450028677	97	M
940480674	450028677	66	M
940480673	450028677	98	M
940480672	450028677	72	M
940480671	450028677	89	M
940480670	450028677	83	M
940480669	450028677	88	M
940480668	450028677	89	M
940480667	450028677	87	M
940480666	450028677	75	M
940480665	450028677	86	M
940480664	450028677	77	M
940480663	450028677	68	M
940480662	450028677	83	M
940480661	450028677	85	M
940480660	450028677	78	M
940480659	450028677	86	M
940480658	450028677	65	M
940480657	450028677	78	M
940480656	450028677	84	M
940480655	450028677	91	M
940480654	450028677	84	M
940480653	450028677	95	M
940480652	450028677	77	M
940480651	450028677	76	M
940480650	450028677	83	M
940480649	450028677	78	M
940480648	450028677	78	M
940306324	450028677	58	M
940306325	450028677	52	M
940306326	450028677	57	M
939341716	450028677	59	F
939341717	450028677	50	F
939341718	450028677	59	F
939341719	450028677	59	F
939341720	450028677	58	F
939529151	450028677	77	F
939529150	450028677	90	F
939529149	450028677	81	F
939529148	450028677	73	F
939529147	450028677	79	F
939529146	450028677	68	F
939529145	450028677	86	F
939529144	450028677	93	F
939529143	450028677	88	F
939529142	450028677	89	F
939529141	450028677	95	F
939529140	450028677	98	F
939529139	450028677	83	F
939529138	450028677	82	F
939529137	450028677	80	F
939529136	450028677	74	F
939529135	450028677	80	F
939529134	450028677	88	F
939529133	450028677	89	F
939529132	450028677	85	F
939529131	450028677	82	F
939529130	450028677	82	F
939529129	450028677	91	F
939529128	450028677	86	F
939529127	450028677	96	F
939529125	450028677	91	F
939529126	450028677	91	F
939529124	450028677	96	F
939529123	450028677	98	F
939529122	450028677	70	F
939529121	450028677	94	F
939529120	450028677	93	F
939529119	450028677	100	F
939529118	450028677	90	F
939529117	450028677	78	F
939529116	450028677	88	F
939529115	450028677	88	F
939529114	450028677	89	F
939341721	450028677	49	F
939529113	450028677	92	F
939529112	450028677	92	F
939529111	450028677	84	F
939529110	450028677	75	F
939529109	450028677	79	F
939529108	450028677	78	F
939529107	450028677	76	F
939529106	450028677	90	F
939529105	450028677	82	F
939529104	450028677	97	F
939529103	450028677	87	F
939529102	450028677	89	F
939529101	450028677	89	F
939529100	450028677	84	F
939529099	450028677	73	F
939529098	450028677	84	F
939529097	450028677	94	F
939529096	450028677	97	F
939529095	450028677	69	F
939529094	450028677	94	F
939529093	450028677	75	F
939529092	450028677	66	F
939529091	450028677	86	F
939529090	450028677	84	F
939529089	450028677	90	F
939529088	450028677	88	F
939529087	450028677	81	F
939529086	450028677	78	F
939529085	450028677	94	F
939529084	450028677	77	F
939529083	450028677	89	F
939529082	450028677	85	F
939529081	450028677	85	F
939529080	450028677	80	F
939529079	450028677	86	F
939529078	450028677	74	F
939529077	450028677	76	F
939529076	450028677	85	F
939529075	450028677	86	F
939529074	450028677	73	F
939529073	450028677	89	F
939529072	450028677	83	F
939529071	450028677	91	F
939529070	450028677	91	F
939529069	450028677	88	F
939529068	450028677	89	F
939529067	450028677	79	F
939529066	450028677	79	F
939529065	450028677	81	F
939529064	450028677	84	F
939529063	450028677	95	F
939529062	450028677	75	F
939529061	450028677	67	F
939529060	450028677	78	F
939529059	450028677	96	F
939529058	450028677	79	F
939529057	450028677	79	F
939529056	450028677	75	F
939529055	450028677	83	F
939529054	450028677	90	F
939529053	450028677	87	F
939529052	450028677	76	F
940404144	450045738	52	M
940742012	450045738	78	M
940742011	450045738	71	M
940742010	450045738	73	M
940742009	450045738	76	M
940742008	450045738	74	M
940742007	450045738	86	M
940742006	450045738	89	M
940742005	450045738	82	M
940742004	450045738	89	M
940742003	450045738	69	M
939306279	450045738	48	F
939306280	450045738	57	F
939306281	450045738	32	F
939306282	450045738	38	F
939306283	450045738	58	F
939306284	450045738	64	F
939306285	450045738	50	F
939306286	450045738	62	F
939306287	450045738	54	F
939306288	450045738	63	F
939306289	450045738	50	F
939306290	450045738	29	F
939306291	450045738	46	F
939306292	450045738	27	F
939306293	450045738	47	F
939306294	450045738	44	F
939306295	450045738	35	F
939306296	450045738	29	F
939306297	450045738	60	F
939306298	450045738	62	F
939306299	450045738	47	F
939306300	450045738	46	F
939306301	450045738	25	F
939306302	450045738	42	F
939306303	450045738	41	F
939306304	450045738	57	F
939306305	450045738	45	F
939306306	450045738	59	F
939306307	450045738	59	F
939306308	450045738	53	F
939306309	450045738	55	F
939306310	450045738	57	F
939306311	450045738	56	F
939306312	450045738	18	F
939306313	450045738	61	F
939306314	450045738	62	F
940404169	450045738	52	M
940404168	450045738	57	M
940404167	450045738	59	M
940404166	450045738	60	M
940404165	450045738	45	M
940404164	450045738	19	M
940404163	450045738	36	M
940404162	450045738	55	M
940404161	450045738	55	M
940404160	450045738	41	M
940404159	450045738	51	M
940404158	450045738	42	M
940404157	450045738	60	M
940404156	450045738	63	M
940404155	450045738	52	M
940404154	450045738	63	M
940404153	450045738	64	M
940404152	450045738	43	M
940404151	450045738	39	M
940404150	450045738	18	M
940404149	450045738	48	M
940404148	450045738	22	M
940404147	450045738	28	M
940404146	450045738	46	M
940404145	450045738	64	M
940404143	450045738	55	M
940404142	450045738	61	M
940404141	450045738	52	M
940404140	450045738	49	M
940404139	450045738	49	M
940404138	450045738	34	M
940404137	450045738	40	M
940404136	450045738	43	M
940404135	450045738	55	M
940404134	450045738	45	M
940404133	450045738	61	M
940404132	450045738	31	M
940404131	450045738	50	M
940404130	450045738	25	M
940404129	450045738	48	M
940404128	450045738	60	M
940404127	450045738	61	M
940404126	450045738	26	M
940404125	450045738	63	M
940404124	450045738	54	M
940185303	450045738	87	F
940185302	450045738	86	F
940185301	450045738	91	F
940185300	450045738	96	F
940185299	450045738	80	F
940185298	450045738	98	F
940185297	450045738	89	F
940185296	450045738	85	F
940185295	450045738	86	F
940185294	450045738	73	F
940185293	450045738	86	F
940185292	450045738	92	F
940185291	450045738	84	F
940185290	450045738	83	F
940185289	450045738	89	F
940185288	450045738	69	F
940185287	450045738	88	F
940185286	450045738	90	F
940185285	450045738	80	F
940185284	450045738	80	F
940185283	450045738	93	F
940185282	450045738	87	F
940185281	450045738	85	F
940185280	450045738	69	F
940185279	450045738	93	F
940185278	450045738	72	F
940584046	450035121	86	M
939336265	450035121	62	F
939336264	450035121	47	F
939336263	450035121	62	F
939336262	450035121	46	F
939336261	450035121	60	F
939336260	450035121	55	F
939336259	450035121	49	F
939336258	450035121	57	F
939336257	450035121	61	F
939336256	450035121	58	F
939336255	450035121	61	F
939336254	450035121	61	F
940584051	450035121	66	M
940584052	450035121	82	M
940584053	450035121	92	M
940584054	450035121	94	M
940584055	450035121	80	M
940584056	450035121	70	M
940584057	450035121	79	M
940584058	450035121	88	M
940584059	450035121	87	M
940584060	450035121	66	M
940584061	450035121	92	M
939790563	450035121	88	F
939790562	450035121	77	F
939790561	450035121	103	F
940584050	450035121	80	M
940584049	450035121	72	M
940584048	450035121	72	M
940584047	450035121	71	M
939336266	450035121	63	F
940584045	450035121	86	M
940584044	450035121	94	M
940584043	450035121	96	M
940584042	450035121	97	M
940584041	450035121	92	M
940343893	450035121	43	M
940343894	450035121	59	M
940343895	450035121	18	M
940343896	450035121	61	M
940343897	450035121	57	M
940343898	450035121	55	M
940343899	450035121	39	M
940343900	450035121	61	M
940343901	450035121	52	M
940343902	450035121	38	M
940343903	450035121	63	M
940343904	450035121	39	M
940343905	450035121	57	M
940343906	450035121	30	M
940343907	450035121	47	M
940343908	450035121	56	M
939790564	450035121	80	F
939790565	450035121	93	F
939790566	450035121	90	F
939790567	450035121	94	F
939790568	450035121	78	F
939790569	450035121	71	F
939790570	450035121	70	F
939790571	450035121	82	F
939790572	450035121	105	F
939790573	450035121	79	F
939790574	450035121	90	F
939790575	450035121	90	F
939790576	450035121	77	F
939790577	450035121	95	F
939790578	450035121	89	F
939790579	450035121	84	F
939790580	450035121	76	F
939790581	450035121	83	F
939790582	450035121	80	F
939790583	450035121	84	F
939790584	450035121	81	F
939790585	450035121	88	F
939790586	450035121	77	F
939790587	450035121	82	F
939790588	450035121	94	F
939790589	450035121	91	F
939790590	450035121	86	F
939790591	450035121	90	F
939790592	450035121	85	F
939790593	450035121	81	F
939790594	450035121	81	F
939790595	450035121	88	F
939790596	450035121	87	F
939790597	450035121	98	F
939790598	450035121	71	F
939790599	450035121	75	F
939790600	450035121	84	F
939790601	450035121	69	F
939790602	450035121	83	F
940343909	450035121	60	M
939336270	450035121	38	F
939336269	450035121	43	F
939336268	450035121	60	F
939336267	450035121	43	F
942051069	450018533	13	F
942051070	450018533	37	F
940362084	450038348	33	M
940362083	450038348	51	M
940362082	450038348	58	M
940362081	450038348	58	M
940362080	450038348	60	M
940362079	450038348	41	M
940362078	450038348	33	M
940362077	450038348	52	M
940362076	450038348	55	M
939348954	450038348	62	F
939348953	450038348	50	F
939348952	450038348	57	F
939348951	450038348	52	F
939348950	450038348	59	F
939348949	450038348	63	F
939348948	450038348	44	F
939348947	450038348	64	F
939348946	450038348	45	F
939348945	450038348	57	F
939348944	450038348	64	F
939918646	450038348	87	F
939918645	450038348	76	F
939918644	450038348	84	F
939918643	450038348	65	F
939918642	450038348	85	F
939918641	450038348	75	F
939918640	450038348	81	F
939918663	450038348	87	F
939918662	450038348	88	F
939918661	450038348	65	F
939918660	450038348	86	F
939918659	450038348	90	F
939918658	450038348	89	F
939918657	450038348	87	F
939918656	450038348	70	F
939918655	450038348	82	F
939918654	450038348	76	F
939918653	450038348	89	F
939918652	450038348	76	F
939918651	450038348	90	F
939918650	450038348	83	F
939918649	450038348	85	F
939918648	450038348	85	F
939918647	450038348	85	F
939918639	450038348	84	F
939918638	450038348	100	F
939918637	450038348	86	F
939918636	450038348	78	F
939918635	450038348	77	F
939918634	450038348	81	F
939918633	450038348	89	F
939918632	450038348	99	F
939918631	450038348	82	F
939918630	450038348	75	F
939918629	450038348	89	F
939918628	450038348	71	F
939918627	450038348	80	F
939918626	450038348	89	F
939918625	450038348	90	F
939918624	450038348	86	F
939918623	450038348	98	F
939918622	450038348	89	F
939918621	450038348	65	F
939918620	450038348	99	F
939918619	450038348	90	F
939918618	450038348	83	F
939918617	450038348	87	F
939918616	450038348	101	F
939918615	450038348	76	F
939918614	450038348	78	F
939918613	450038348	88	F
939918612	450038348	70	F
939918611	450038348	78	F
940633986	450038348	77	M
940633985	450038348	82	M
940633984	450038348	76	M
940633983	450038348	68	M
940633982	450038348	75	M
940633981	450038348	73	M
940633980	450038348	95	M
940633979	450038348	69	M
940633978	450038348	80	M
940633977	450038348	86	M
940633976	450038348	77	M
940633975	450038348	75	M
940633974	450038348	69	M
940633962	450038348	86	M
940633963	450038348	74	M
940633964	450038348	84	M
940633965	450038348	81	M
940633966	450038348	67	M
940633967	450038348	67	M
940633968	450038348	79	M
940633969	450038348	87	M
940633970	450038348	86	M
940633971	450038348	90	M
940633973	450038348	90	M
940633972	450038348	76	M
940362085	450038348	36	M
937630037	450000345	22	F
937630038	450000345	19	F
937630039	450000345	21	F
937630040	450000345	21	F
937630041	450000345	22	F
937630042	450000345	21	F
937630043	450000345	19	F
937630044	450000345	18	F
937630045	450000345	22	F
937630046	450000345	19	F
937630047	450000345	18	F
937630048	450000345	21	F
937630049	450000345	19	F
937630050	450000345	19	F
937630063	450000345	21	F
937630062	450000345	22	F
937630061	450000345	21	F
937630060	450000345	20	F
937630059	450000345	19	F
937630058	450000345	20	F
937630057	450000345	18	F
937630056	450000345	18	F
937630055	450000345	21	F
937630054	450000345	21	F
937630053	450000345	21	F
937630052	450000345	22	F
937630051	450000345	20	F
937629885	450000345	22	M
937629886	450000345	18	M
937629887	450000345	23	M
937629888	450000345	22	M
937629889	450000345	19	M
937629890	450000345	22	M
937629891	450000345	19	M
937629892	450000345	21	M
937629893	450000345	23	M
937629894	450000345	19	M
937629895	450000345	18	M
937629896	450000345	20	M
937629897	450000345	21	M
937629898	450000345	18	M
937629899	450000345	20	M
937629900	450000345	24	M
937629901	450000345	19	M
937629902	450000345	19	M
937629903	450000345	23	M
937629904	450000345	21	M
937629905	450000345	19	M
937629906	450000345	21	M
937629907	450000345	22	M
937629908	450000345	22	M
937629909	450000345	19	M
937629910	450000345	20	M
937629911	450000345	19	M
937629912	450000345	21	M
937629913	450000345	19	M
937629914	450000345	20	M
937629915	450000345	18	M
937629916	450000345	18	M
937629917	450000345	23	M
937629918	450000345	27	M
937629919	450000345	22	M
937629920	450000345	22	M
937629921	450000345	21	M
937629922	450000345	23	M
937629923	450000345	22	M
937629924	450000345	21	M
937629925	450000345	19	M
937629926	450000345	19	M
937629927	450000345	19	M
937629928	450000345	22	M
937629929	450000345	19	M
937629930	450000345	21	M
937629931	450000345	22	M
937629932	450000345	23	M
937629933	450000345	21	M
937629934	450000345	21	M
937629935	450000345	24	M
937629936	450000345	19	M
937629937	450000345	19	M
937629938	450000345	19	M
937629939	450000345	18	M
937629940	450000345	21	M
937629941	450000345	19	M
937629942	450000345	20	M
937629943	450000345	18	M
937629944	450000345	18	M
937629945	450000345	20	M
937629946	450000345	19	M
937629947	450000345	30	M
937629948	450000345	20	M
937629949	450000345	22	M
937629950	450000345	22	M
937629951	450000345	20	M
937629952	450000345	19	M
937629953	450000345	42	M
937629954	450000345	21	M
937629955	450000345	23	M
937629956	450000345	21	M
937629957	450000345	22	M
937629958	450000345	20	M
937629959	450000345	19	M
937629960	450000345	25	M
937629961	450000345	19	M
937629962	450000345	22	M
937630073	450000345	21	F
937630072	450000345	19	F
937630071	450000345	18	F
937630070	450000345	22	F
937630069	450000345	20	F
937630068	450000345	18	F
937630067	450000345	19	F
937630066	450000345	23	F
937630065	450000345	25	F
937630064	450000345	22	F
937629963	450000345	21	M
937629964	450000345	23	M
937629965	450000345	19	M
937629966	450000345	23	M
937629967	450000345	22	M
937629968	450000345	18	M
937629969	450000345	20	M
937629970	450000345	18	M
937629971	450000345	20	M
937629972	450000345	20	M
937629973	450000345	20	M
937629974	450000345	19	M
937629975	450000345	19	M
937629976	450000345	20	M
937629977	450000345	20	M
937629978	450000345	15	F
937629979	450000345	20	F
937629980	450000345	19	F
937629981	450000345	26	F
937629982	450000345	20	F
937629983	450000345	20	F
937629984	450000345	24	F
937629985	450000345	19	F
937629986	450000345	22	F
937629987	450000345	41	F
937629988	450000345	18	F
937629989	450000345	18	F
937629990	450000345	21	F
937629991	450000345	26	F
937629992	450000345	19	F
937629993	450000345	18	F
937629994	450000345	18	F
937629995	450000345	19	F
937629996	450000345	21	F
937629997	450000345	20	F
937629998	450000345	24	F
937629999	450000345	18	F
937630000	450000345	18	F
937630001	450000345	20	F
937630002	450000345	18	F
937630003	450000345	18	F
937630004	450000345	22	F
937630005	450000345	18	F
937630006	450000345	22	F
937630007	450000345	20	F
937630008	450000345	19	F
937630009	450000345	19	F
937630010	450000345	25	F
937630011	450000345	19	F
937630012	450000345	18	F
937630013	450000345	18	F
937630014	450000345	18	F
937630015	450000345	21	F
937630016	450000345	21	F
937630017	450000345	18	F
937630018	450000345	18	F
937630019	450000345	20	F
937630020	450000345	23	F
937630021	450000345	19	F
937630022	450000345	18	F
937630023	450000345	19	F
937630024	450000345	19	F
937630025	450000345	19	F
937630026	450000345	22	F
937630027	450000345	19	F
937630028	450000345	18	F
937630029	450000345	18	F
937630030	450000345	21	F
937630031	450000345	18	F
937630032	450000345	19	F
937630033	450000345	24	F
937630034	450000345	18	F
937630035	450000345	18	F
937630036	450000345	20	F
942051028	450018534	17	M
942051029	450018534	17	M
942051027	450018534	17	M
942051034	450018534	17	M
942051033	450018534	17	M
942051032	450018534	14	M
942051031	450018534	17	M
942051030	450018534	16	M
942053547	450009072	34	M
942053546	450009072	40	M
942053545	450009072	35	M
942053544	450009072	41	M
942053543	450009072	39	M
942053542	450009072	24	M
942053541	450009072	60	M
942053540	450009072	61	M
942053539	450009072	42	M
942053560	450009072	41	M
942053559	450009072	27	M
942053558	450009072	48	M
942053557	450009072	42	M
942053556	450009072	26	M
942053555	450009072	31	M
942053554	450009072	54	M
942053553	450009072	37	M
942053552	450009072	56	M
942053562	450009072	48	M
942053563	450009072	32	M
942053564	450009072	51	M
942053565	450009072	41	M
942053566	450009072	33	M
942053567	450009072	40	M
942053568	450009072	23	M
942053569	450009072	39	M
942053538	450009072	37	M
942053537	450009072	49	M
942053536	450009072	23	M
942053535	450009072	27	M
942053534	450009072	60	M
942053533	450009072	49	M
942053532	450009072	27	M
942053531	450009072	31	M
942053530	450009072	31	M
942053529	450009072	36	M
942053618	450009072	33	M
942053619	450009072	25	M
942053620	450009072	45	M
942053561	450009072	21	M
942053528	450009072	37	M
942053527	450009072	44	M
942053526	450009072	29	M
942053525	450009072	47	M
942053524	450009072	39	M
942053523	450009072	37	M
942053522	450009072	54	M
942053521	450009072	31	M
942053520	450009072	27	M
942053519	450009072	54	M
942053518	450009072	36	M
942053517	450009072	35	M
942053516	450009072	27	M
942053515	450009072	29	M
942053514	450009072	47	M
942053513	450009072	50	M
942053512	450009072	22	M
942053511	450009072	31	M
942053510	450009072	27	M
942053509	450009072	41	M
942053508	450009072	38	M
942053507	450009072	50	M
942053506	450009072	35	M
942053505	450009072	39	M
942053504	450009072	54	M
942053551	450009072	43	M
942053502	450009072	16	M
942053570	450009072	49	M
942053571	450009072	24	M
942053572	450009072	24	M
942053573	450009072	35	M
942053574	450009072	50	M
942053575	450009072	42	M
942053576	450009072	36	M
942053577	450009072	34	M
942053578	450009072	30	M
942053579	450009072	34	M
942053580	450009072	35	M
942053581	450009072	55	M
942053582	450009072	39	M
942053583	450009072	62	M
942053584	450009072	27	M
942053585	450009072	37	M
942053586	450009072	42	M
942053587	450009072	43	M
942053588	450009072	27	M
942053589	450009072	35	M
942053590	450009072	54	M
942053591	450009072	28	M
942053592	450009072	28	M
942053593	450009072	41	M
942053594	450009072	27	M
942053595	450009072	54	M
942053596	450009072	20	M
942053597	450009072	52	M
942053598	450009072	36	M
942053599	450009072	39	M
942053600	450009072	31	M
942053601	450009072	25	M
942053602	450009072	46	M
942053604	450009072	44	M
942053605	450009072	34	M
942053606	450009072	47	M
942053607	450009072	27	M
942053608	450009072	23	M
942053609	450009072	33	M
942053610	450009072	54	M
942053611	450009072	39	M
942053612	450009072	24	M
942053613	450009072	28	M
942053603	450009072	26	M
942053614	450009072	18	M
942053615	450009072	54	M
942053616	450009072	58	M
942053617	450009072	29	M
942053550	450009072	33	M
942053549	450009072	41	M
942053548	450009072	48	M
942053632	450009073	46	M
942053690	450009073	39	M
942053691	450009073	47	M
942053692	450009073	18	M
942053693	450009073	27	M
942053694	450009073	36	M
942053695	450009073	40	M
942053696	450009073	21	M
942053697	450009073	20	M
942053698	450009073	25	M
942053503	450009073	16	M
942053699	450009073	30	M
942053700	450009073	60	M
942053701	450009073	43	M
942053702	450009073	50	M
942053703	450009073	26	M
942053704	450009073	40	M
942053705	450009073	40	M
942053706	450009073	25	M
942053707	450009073	34	M
942053708	450009073	40	M
942053709	450009073	57	M
942053710	450009073	32	M
942053711	450009073	38	M
942053712	450009073	32	M
942053713	450009073	52	M
942053714	450009073	38	M
942053715	450009073	24	M
942053716	450009073	29	M
942053717	450009073	58	M
942053718	450009073	35	M
942053719	450009073	39	M
942053720	450009073	44	M
942053721	450009073	46	M
942053722	450009073	54	M
942053723	450009073	34	M
942053724	450009073	54	M
942053725	450009073	25	M
942053726	450009073	29	M
942053727	450009073	40	M
942053728	450009073	45	M
942053729	450009073	46	M
942053730	450009073	38	M
942053731	450009073	26	M
942053732	450009073	25	M
942053733	450009073	38	M
942053734	450009073	22	M
942053735	450009073	29	M
942053736	450009073	32	M
942053737	450009073	34	M
942053675	450009073	22	M
942053674	450009073	47	M
942053673	450009073	20	M
942053672	450009073	23	M
942053671	450009073	52	M
942053670	450009073	29	M
942053669	450009073	33	M
942053668	450009073	47	M
942053667	450009073	23	M
942053666	450009073	28	M
942053665	450009073	63	M
942053664	450009073	31	M
942053663	450009073	58	M
942053662	450009073	41	M
942053661	450009073	31	M
942053660	450009073	42	M
942053659	450009073	28	M
942053658	450009073	38	M
942053657	450009073	22	M
942053656	450009073	35	M
942053655	450009073	33	M
942053654	450009073	43	M
942053653	450009073	45	M
942053652	450009073	26	M
942053651	450009073	21	M
942053650	450009073	38	M
942053649	450009073	18	M
942053648	450009073	37	M
942053647	450009073	24	M
942053646	450009073	42	M
942053645	450009073	38	M
942053644	450009073	29	M
942053643	450009073	59	M
942053642	450009073	35	M
942053641	450009073	45	M
942053676	450009073	38	M
942053677	450009073	52	M
942053678	450009073	36	M
942053679	450009073	27	M
942053680	450009073	44	M
942053681	450009073	44	M
942053682	450009073	63	M
942053683	450009073	24	M
942053684	450009073	33	M
942053685	450009073	56	M
942053686	450009073	49	M
942053687	450009073	33	M
942053688	450009073	19	M
942053689	450009073	32	M
942053640	450009073	33	M
942053639	450009073	49	M
942053638	450009073	34	M
942053637	450009073	30	M
942053636	450009073	49	M
942053635	450009073	47	M
942053634	450009073	42	M
942053633	450009073	46	M
942053631	450009073	53	M
942053630	450009073	51	M
942053629	450009073	51	M
942053628	450009073	36	M
942053627	450009073	36	M
942053626	450009073	25	M
942053625	450009073	32	M
942053624	450009073	25	M
942053623	450009073	33	M
942053622	450009073	44	M
942053621	450009073	34	M
942053498	450018535	15	M
942053500	450018535	17	M
942053501	450018535	14	M
942053481	450018535	16	M
942053482	450018535	17	M
942053483	450018535	17	M
942053484	450018535	17	M
942053485	450018535	14	M
942053486	450018535	17	M
942053487	450018535	17	M
942053488	450018535	17	M
942053489	450018535	15	M
942053490	450018535	17	M
942053491	450018535	16	M
942053492	450018535	14	M
942053493	450018535	17	M
942053494	450018535	17	M
942053499	450018535	15	M
942053495	450018535	16	M
942053496	450018535	16	M
942053497	450018535	17	M
942053473	450018535	17	M
942053474	450018535	17	M
942053475	450018535	13	M
942053476	450018535	17	M
942053477	450018535	16	M
942053478	450018535	16	M
942053479	450018535	15	M
942053480	450018535	14	M
942053740	450018536	47	F
942053749	450018536	25	F
942053742	450018536	44	F
942053743	450018536	29	F
942053744	450018536	45	F
942053745	450018536	39	F
942053746	450018536	20	F
942053750	450018536	22	F
942053751	450018536	26	F
942053752	450018536	31	F
942053753	450018536	58	F
942053754	450018536	25	F
942053755	450018536	32	F
942053739	450018536	48	F
942053738	450018536	23	F
942053741	450018536	30	F
942053747	450018536	33	F
942053748	450018536	52	F
939529570	450028678	79	F
939529569	450028678	68	F
939529568	450028678	100	F
939529567	450028678	78	F
939529566	450028678	86	F
939529565	450028678	90	F
939529564	450028678	90	F
939529563	450028678	76	F
939529562	450028678	85	F
939529561	450028678	86	F
939529560	450028678	75	F
939529559	450028678	86	F
939529558	450028678	98	F
939529557	450028678	95	F
939529556	450028678	89	F
939529526	450028678	94	F
939529525	450028678	87	F
939529524	450028678	83	F
939529523	450028678	77	F
939529522	450028678	83	F
939529521	450028678	86	F
939529520	450028678	80	F
939529519	450028678	91	F
939529518	450028678	80	F
939529517	450028678	80	F
939529516	450028678	102	F
939529515	450028678	84	F
939529514	450028678	104	F
939529513	450028678	94	F
939529512	450028678	70	F
939529510	450028678	86	F
939529511	450028678	85	F
939529544	450028678	89	F
939529545	450028678	78	F
939529546	450028678	90	F
939529547	450028678	75	F
939529548	450028678	89	F
939529549	450028678	85	F
939529550	450028678	83	F
939529551	450028678	75	F
939529509	450028678	87	F
939529508	450028678	92	F
939529507	450028678	98	F
939529506	450028678	89	F
939529505	450028678	65	F
939529537	450028678	86	F
939529552	450028678	80	F
939529553	450028678	81	F
939529554	450028678	79	F
939529555	450028678	88	F
939529536	450028678	86	F
939529535	450028678	75	F
939529534	450028678	93	F
939529533	450028678	90	F
939529532	450028678	95	F
939529531	450028678	81	F
939529530	450028678	79	F
939529529	450028678	89	F
939529528	450028678	97	F
939529527	450028678	98	F
940480795	450028678	68	M
940480796	450028678	89	M
940480797	450028678	65	M
940480798	450028678	99	M
940480799	450028678	85	M
940480800	450028678	74	M
940480801	450028678	70	M
939529543	450028678	78	F
939529542	450028678	89	F
939529541	450028678	88	F
939529540	450028678	89	F
939529539	450028678	90	F
939529538	450028678	81	F
939341743	450028678	64	F
939341744	450028678	63	F
939341745	450028678	49	F
939529572	450028678	93	F
939529571	450028678	86	F
939360811	450035122	61	F
939791303	450035122	87	F
939791304	450035122	86	F
939791305	450035122	89	F
939791306	450035122	89	F
939791307	450035122	84	F
939791308	450035122	77	F
939791309	450035122	94	F
939791310	450035122	93	F
939791311	450035122	98	F
939791312	450035122	89	F
939791313	450035122	96	F
939791314	450035122	81	F
939791315	450035122	75	F
939791316	450035122	79	F
939791317	450035122	90	F
939791318	450035122	76	F
939791319	450035122	94	F
939791320	450035122	83	F
939791321	450035122	87	F
939791322	450035122	77	F
939791323	450035122	70	F
939791324	450035122	85	F
939791325	450035122	87	F
939791326	450035122	86	F
939791327	450035122	90	F
939791328	450035122	80	F
940344108	450035122	59	M
940344107	450035122	52	M
940344106	450035122	23	M
940344105	450035122	56	M
940344104	450035122	58	M
940344103	450035122	34	M
940344102	450035122	35	M
940344101	450035122	63	M
940344100	450035122	60	M
940344099	450035122	60	M
940344098	450035122	60	M
940344097	450035122	40	M
940344096	450035122	57	M
940344095	450035122	59	M
940344094	450035122	42	M
940344093	450035122	49	M
940344092	450035122	28	M
940344091	450035122	19	M
940344090	450035122	56	M
939360812	450035122	45	F
939360810	450035122	49	F
939360809	450035122	26	F
939360808	450035122	64	F
939360807	450035122	58	F
939360806	450035122	45	F
939360805	450035122	52	F
939360804	450035122	55	F
939360803	450035122	60	F
939360802	450035122	51	F
939360801	450035122	49	F
939360800	450035122	29	F
939360799	450035122	53	F
939360798	450035122	56	F
939360797	450035122	49	F
939360796	450035122	24	F
939360795	450035122	49	F
940584295	450035122	86	M
940584296	450035122	104	M
940584297	450035122	76	M
940584298	450035122	80	M
940584299	450035122	69	M
940584300	450035122	94	M
940584301	450035122	87	M
940584302	450035122	82	M
940584303	450035122	83	M
940584304	450035122	76	M
940584305	450035122	85	M
940584306	450035122	85	M
940584307	450035122	66	M
940584308	450035122	88	M
939360821	450035123	47	F
939360820	450035123	51	F
939360819	450035123	35	F
939360818	450035123	21	F
939360817	450035123	57	F
939360816	450035123	48	F
939791332	450035123	103	F
939791333	450035123	85	F
940344115	450035123	31	M
940344116	450035123	43	M
940344117	450035123	46	M
940344118	450035123	46	M
940344119	450035123	56	M
940344120	450035123	57	M
939791348	450035123	87	F
939791349	450035123	80	F
939791350	450035123	85	F
939791351	450035123	97	F
939791352	450035123	90	F
940584310	450035123	68	M
940584311	450035123	83	M
940584312	450035123	75	M
939791336	450035123	82	F
939791335	450035123	73	F
939360815	450035123	23	F
939791334	450035123	88	F
939791337	450035123	85	F
939791338	450035123	87	F
939791339	450035123	90	F
939791340	450035123	76	F
939791341	450035123	84	F
939791342	450035123	88	F
939791343	450035123	90	F
939791344	450035123	82	F
939791345	450035123	78	F
939791346	450035123	79	F
939791347	450035123	89	F
939360814	450035123	58	F
939360813	450035123	48	F
940584313	450035123	74	M
940584314	450035123	88	M
940584315	450035123	70	M
940584316	450035123	75	M
940584317	450035123	74	M
940584318	450035123	87	M
939791353	450035123	84	F
940344111	450035123	51	M
940344112	450035123	60	M
940344113	450035123	54	M
940344114	450035123	49	M
940584322	450035123	69	M
940584321	450035123	86	M
940584320	450035123	75	M
940584319	450035123	95	M
940584309	450035123	83	M
940344109	450035123	59	M
940344110	450035123	57	M
939791329	450035123	85	F
939791330	450035123	84	F
939791331	450035123	84	F
940344121	450035123	27	M
940344122	450035123	47	M
940344123	450035123	63	M
940344124	450035123	46	M
940344125	450035123	29	M
940344126	450035123	46	M
940344127	450035123	55	M
939360829	450035123	60	F
939360828	450035123	39	F
939360827	450035123	55	F
939360826	450035123	59	F
939360825	450035123	35	F
939360824	450035123	59	F
939360823	450035123	64	F
939360822	450035123	59	F
939790770	450035124	70	F
940584135	450035124	100	M
940584134	450035124	84	M
940584133	450035124	77	M
940584132	450035124	86	M
940584131	450035124	76	M
940584130	450035124	89	M
940584129	450035124	86	M
940584128	450035124	86	M
940584127	450035124	70	M
940584126	450035124	86	M
940584125	450035124	88	M
940584124	450035124	95	M
940584123	450035124	86	M
940584122	450035124	95	M
940584121	450035124	88	M
940584120	450035124	79	M
940584119	450035124	75	M
940584118	450035124	75	M
940584117	450035124	82	M
940584116	450035124	94	M
940584115	450035124	70	M
940584114	450035124	65	M
939336281	450035124	54	F
939336282	450035124	54	F
939336283	450035124	33	F
939336284	450035124	50	F
939336285	450035124	44	F
939336286	450035124	42	F
939336287	450035124	45	F
939336288	450035124	57	F
939336289	450035124	51	F
939336290	450035124	59	F
939336291	450035124	49	F
939336292	450035124	46	F
939336293	450035124	61	F
939336294	450035124	63	F
939336295	450035124	41	F
939336296	450035124	34	F
939790751	450035124	85	F
940343924	450035124	39	M
940343925	450035124	57	M
940343926	450035124	48	M
940343927	450035124	61	M
940343928	450035124	64	M
940343929	450035124	54	M
940343930	450035124	60	M
940343931	450035124	39	M
940343932	450035124	24	M
940343933	450035124	49	M
940343934	450035124	57	M
940343935	450035124	58	M
940343936	450035124	39	M
940343937	450035124	30	M
940343938	450035124	45	M
940343939	450035124	47	M
940343940	450035124	64	M
940343941	450035124	61	M
940343942	450035124	63	M
940343943	450035124	58	M
940343944	450035124	55	M
940343945	450035124	63	M
940343946	450035124	64	M
940343947	450035124	35	M
940343948	450035124	39	M
939790752	450035124	78	F
939790753	450035124	84	F
939790754	450035124	83	F
939790755	450035124	79	F
939790756	450035124	91	F
939790757	450035124	73	F
939790758	450035124	77	F
939790759	450035124	88	F
939790760	450035124	80	F
939790761	450035124	88	F
939790762	450035124	79	F
940343949	450035124	51	M
940343950	450035124	54	M
939790763	450035124	70	F
939790764	450035124	96	F
939790765	450035124	87	F
939790766	450035124	79	F
939790767	450035124	80	F
939790768	450035124	93	F
939790769	450035124	99	F
939790771	450035124	92	F
939790772	450035124	90	F
939790773	450035124	78	F
939790774	450035124	87	F
939790775	450035124	87	F
939790776	450035124	90	F
939790777	450035124	89	F
939790778	450035124	86	F
939790779	450035124	83	F
939790780	450035124	73	F
939790781	450035124	66	F
939790782	450035124	83	F
939790783	450035124	82	F
939790784	450035124	75	F
939790785	450035124	67	F
939790786	450035124	76	F
939790787	450035124	74	F
939790788	450035124	86	F
939790789	450035124	87	F
939790790	450035124	90	F
939790791	450035124	91	F
939790792	450035124	89	F
939790793	450035124	94	F
939790794	450035124	83	F
939790795	450035124	87	F
939790796	450035124	82	F
939790797	450035124	94	F
939790798	450035124	97	F
939790799	450035124	88	F
939790800	450035124	85	F
939790801	450035124	71	F
939790802	450035124	84	F
939790803	450035124	91	F
939790804	450035124	80	F
939790805	450035124	89	F
939790806	450035124	88	F
939341748	450028679	58	F
939529609	450028679	70	F
939529610	450028679	90	F
939529611	450028679	66	F
939529612	450028679	88	F
939529613	450028679	69	F
939529614	450028679	86	F
939529615	450028679	88	F
939529616	450028679	88	F
939529617	450028679	98	F
939529618	450028679	73	F
939529619	450028679	98	F
939529620	450028679	80	F
939529621	450028679	80	F
939529622	450028679	75	F
939529623	450028679	100	F
939529624	450028679	104	F
939529625	450028679	96	F
939529626	450028679	84	F
939529627	450028679	88	F
939529628	450028679	104	F
939529629	450028679	85	F
939529630	450028679	75	F
939529631	450028679	96	F
939529632	450028679	87	F
940480811	450028679	67	M
940480810	450028679	72	M
939529635	450028679	84	F
939529633	450028679	89	F
939529638	450028679	80	F
939529637	450028679	93	F
939529636	450028679	87	F
940306349	450028679	33	M
940306348	450028679	59	M
940306347	450028679	62	M
940306346	450028679	55	M
939529634	450028679	73	F
939529641	450028679	86	F
939529640	450028679	86	F
940480807	450028679	76	M
940480808	450028679	69	M
940480809	450028679	79	M
939341749	450028679	55	F
939529639	450028679	84	F
939529646	450028680	89	F
939529647	450028680	83	F
939529667	450028680	82	F
939529657	450028680	92	F
939529656	450028680	83	F
939529655	450028680	79	F
939529654	450028680	102	F
939529653	450028680	78	F
939529652	450028680	80	F
939529651	450028680	80	F
939529650	450028680	88	F
939529649	450028680	78	F
939529648	450028680	71	F
939529668	450028680	85	F
939529669	450028680	87	F
939529670	450028680	87	F
939529671	450028680	89	F
939529672	450028680	65	F
939529673	450028680	71	F
939529658	450028680	85	F
939529659	450028680	89	F
939529660	450028680	95	F
940306353	450028680	53	M
940306352	450028680	64	M
940306351	450028680	62	M
940306350	450028680	60	M
939529645	450028680	100	F
939529644	450028680	103	F
939529643	450028680	89	F
939529642	450028680	90	F
939529661	450028680	84	F
939529662	450028680	96	F
939529663	450028680	86	F
939529664	450028680	78	F
939529665	450028680	81	F
939529666	450028680	75	F
939341750	450028680	56	F
940480816	450028680	86	M
940480815	450028680	69	M
940480814	450028680	86	M
940480813	450028680	80	M
940480812	450028680	87	M
939529585	450028681	87	F
939529573	450028681	104	F
939529574	450028681	89	F
939529575	450028681	79	F
939529576	450028681	86	F
939529577	450028681	99	F
939529578	450028681	87	F
939529579	450028681	82	F
939529580	450028681	76	F
939529581	450028681	88	F
939529582	450028681	78	F
939529583	450028681	86	F
940306344	450028681	60	M
940306345	450028681	55	M
939529584	450028681	82	F
939529586	450028681	98	F
939529587	450028681	89	F
939529588	450028681	82	F
939529589	450028681	77	F
939529590	450028681	67	F
939529591	450028681	87	F
939529592	450028681	83	F
939529593	450028681	88	F
939529594	450028681	80	F
939529595	450028681	84	F
939529596	450028681	87	F
939529597	450028681	83	F
939529598	450028681	79	F
939529599	450028681	86	F
939529600	450028681	87	F
939529601	450028681	88	F
939529602	450028681	88	F
939529603	450028681	78	F
939529604	450028681	85	F
939529605	450028681	80	F
939529606	450028681	100	F
939529607	450028681	86	F
939529608	450028681	84	F
939341746	450028681	56	F
939341747	450028681	61	F
940480802	450028681	85	M
940480803	450028681	77	M
940480804	450028681	87	M
940480805	450028681	81	M
940480806	450028681	67	M
942051041	450018537	17	M
942051040	450018537	17	M
942051046	450018537	15	M
942051045	450018537	17	M
942051044	450018537	17	M
942051043	450018537	13	M
942051039	450018537	16	M
942051036	450018537	17	M
942051035	450018537	15	M
942051038	450018537	15	M
942051037	450018537	17	M
942051042	450018537	17	M
940480822	450028682	91	M
940480823	450028682	82	M
940480824	450028682	72	M
940480825	450028682	81	M
940480826	450028682	75	M
940480827	450028682	80	M
939529697	450028682	69	F
939529696	450028682	88	F
939529695	450028682	85	F
939529694	450028682	96	F
939529693	450028682	84	F
939529692	450028682	66	F
939529691	450028682	83	F
940480828	450028682	90	M
940480829	450028682	84	M
940480830	450028682	80	M
940480831	450028682	90	M
940480832	450028682	87	M
940480833	450028682	73	M
940480834	450028682	69	M
939529690	450028682	103	F
939529689	450028682	81	F
939529688	450028682	79	F
939529687	450028682	101	F
939529686	450028682	87	F
939529685	450028682	100	F
939529684	450028682	90	F
939529683	450028682	76	F
939529674	450028682	89	F
939529701	450028682	91	F
939529702	450028682	93	F
939529703	450028682	89	F
939529704	450028682	87	F
939529705	450028682	65	F
939529706	450028682	78	F
939529707	450028682	92	F
939529708	450028682	92	F
939529709	450028682	83	F
939529710	450028682	75	F
939529711	450028682	78	F
939529712	450028682	66	F
939529713	450028682	83	F
939529714	450028682	77	F
939529715	450028682	94	F
940306356	450028682	64	M
940306355	450028682	63	M
940306354	450028682	24	M
939529682	450028682	89	F
939529681	450028682	81	F
939529680	450028682	89	F
939529679	450028682	66	F
939529678	450028682	85	F
939529677	450028682	94	F
939529676	450028682	68	F
939529698	450028682	78	F
939529675	450028682	95	F
939529699	450028682	94	F
939529700	450028682	85	F
939341754	450028682	60	F
939341753	450028682	64	F
939341752	450028682	56	F
939341751	450028682	49	F
940480817	450028682	87	M
940480818	450028682	85	M
940480819	450028682	83	M
940480820	450028682	90	M
940480821	450028682	85	M
939529872	450028683	88	F
939529870	450028683	90	F
939529869	450028683	86	F
939529868	450028683	89	F
939529867	450028683	85	F
939529866	450028683	89	F
939529865	450028683	89	F
939529864	450028683	82	F
939529863	450028683	75	F
939529862	450028683	88	F
939529861	450028683	79	F
939529860	450028683	86	F
939529859	450028683	88	F
939529858	450028683	90	F
939529857	450028683	100	F
939529856	450028683	91	F
939529855	450028683	78	F
939529854	450028683	87	F
939529853	450028683	83	F
939529852	450028683	94	F
940306367	450028683	23	M
940306368	450028683	31	M
940306369	450028683	28	M
940306370	450028683	64	M
940306371	450028683	60	M
940306372	450028683	40	M
940306373	450028683	36	M
940306374	450028683	45	M
940306375	450028683	55	M
940306376	450028683	52	M
940306377	450028683	40	M
940306378	450028683	58	M
940306379	450028683	51	M
940306380	450028683	50	M
940306381	450028683	45	M
939341760	450028683	61	F
939341761	450028683	56	F
939341762	450028683	21	F
939341763	450028683	52	F
939341764	450028683	62	F
939341765	450028683	59	F
939341766	450028683	64	F
939341767	450028683	53	F
939341768	450028683	56	F
939341769	450028683	62	F
939341770	450028683	50	F
940480884	450028683	83	M
940480883	450028683	79	M
940480882	450028683	87	M
940480881	450028683	78	M
940480880	450028683	69	M
940480879	450028683	82	M
940480878	450028683	77	M
940480877	450028683	68	M
940480876	450028683	72	M
940480875	450028683	74	M
940480874	450028683	71	M
940480873	450028683	68	M
940480872	450028683	70	M
939529886	450028683	89	F
939529885	450028683	81	F
939529884	450028683	84	F
939529883	450028683	77	F
939529882	450028683	75	F
939529881	450028683	72	F
939529880	450028683	84	F
939529879	450028683	85	F
939529878	450028683	82	F
939529877	450028683	91	F
939529876	450028683	87	F
939529875	450028683	69	F
939529874	450028683	85	F
939529873	450028683	77	F
939529871	450028683	86	F
939341781	450028684	32	F
939529900	450028684	89	F
939529901	450028684	85	F
939529902	450028684	81	F
939529903	450028684	87	F
939529904	450028684	87	F
939529905	450028684	82	F
939529906	450028684	87	F
939529907	450028684	87	F
939529908	450028684	88	F
939529909	450028684	82	F
939529910	450028684	85	F
939529911	450028684	68	F
939529912	450028684	65	F
939529913	450028684	67	F
939529914	450028684	76	F
939529915	450028684	102	F
939529916	450028684	90	F
939529917	450028684	80	F
939529918	450028684	91	F
940480896	450028684	94	M
940480895	450028684	75	M
940480894	450028684	68	M
940480893	450028684	79	M
940480892	450028684	83	M
940480891	450028684	87	M
940480890	450028684	80	M
940480889	450028684	88	M
940480888	450028684	91	M
940480887	450028684	86	M
940480886	450028684	89	M
940480885	450028684	77	M
939529899	450028684	66	F
939529898	450028684	85	F
939529897	450028684	75	F
939529896	450028684	69	F
939529895	450028684	82	F
939529894	450028684	84	F
939529893	450028684	67	F
939529892	450028684	77	F
939529891	450028684	88	F
939529890	450028684	95	F
939529889	450028684	88	F
939529888	450028684	77	F
939529887	450028684	86	F
939529919	450028684	90	F
939529920	450028684	87	F
939529921	450028684	90	F
940306382	450028684	60	M
940306383	450028684	45	M
940306384	450028684	58	M
940306385	450028684	62	M
940306386	450028684	35	M
940306387	450028684	57	M
940306388	450028684	61	M
940306389	450028684	48	M
940306390	450028684	58	M
940306391	450028684	62	M
940306392	450028684	61	M
940306393	450028684	59	M
940306394	450028684	57	M
940306395	450028684	61	M
940306396	450028684	58	M
939341771	450028684	55	F
939341772	450028684	57	F
939341773	450028684	35	F
939341774	450028684	63	F
939341775	450028684	49	F
939341776	450028684	58	F
939341777	450028684	55	F
939341778	450028684	63	F
939341779	450028684	58	F
939341780	450028684	60	F
