sp_id	stco	latitude	longitude
450069835	29189	38.6245077	-90.4088141
450110617	29189	38.592174	-90.360333
450110466	29189	38.712778	-90.405846
450128513	29189	38.777438	-90.236879
450153309	29189	38.736729	-90.457422
450127516	29189	38.800337	-90.293244
450144920	29189	38.838378	-90.287852
450152158	29189	38.703679	-90.349291
450113450	29189	38.74248	-90.307817
450144513	29189	38.707436	-90.307659
450055807	29071	38.5803300	-90.7513900
450129718	29189	38.632074	-90.441916
450109347	29189	38.822243	-90.217356
450132474	29189	38.7282	-90.2581
450108417	29189	38.714964	-90.327289
450120886	29189	38.572168	-90.347233
450074317	29189	38.5659169	-90.5021997
450050476	29189	38.7483892	-90.2990951
450076097	29183	38.7418782	-90.5844157
450140465	29189	38.710378	-90.455512
450115998	29189	38.792361	-90.330687
450151898	29189	38.571849	-90.600309
450139806	29189	38.718221	-90.359183
450132058	29189	38.81086	-90.254864
450138385	29189	38.611865	-90.326148
450140423	29189	38.619335	-90.35567
450123743	29189	38.828151	-90.216797
450118362	29189	38.657283	-90.308553
450112509	29189	38.5829	-90.4934
450123002	29189	38.753844	-90.314168
450128809	29189	38.610367	-90.52032
450086034	29510	38.671853	-90.251656
450152740	29189	38.780816	-90.305783
450110634	29189	38.668167	-90.346851
450146420	29189	38.668397	-90.388887
450107458	29189	38.600536	-90.641155
450135763	29189	38.552055	-90.637846
450072760	29189	38.6499046	-90.5084230
450136270	29189	38.756754	-90.269073
450074518	29189	38.5770865	-90.3880038
450133761	29189	38.512147	-90.492799
450146180	29189	38.478054	-90.320425
450061156	29189	38.5842779	-90.3761725
450107315	29189	38.6043	-90.3443
450108248	29189	38.494425	-90.285558
450110623	29189	38.59167	-90.36188
450123015	29189	38.683068	-90.486417
450052395	29189	38.5988511	-90.4927912
450061080	17119	38.8913006	-90.1824907
450052081	29189	38.7504848	-90.2569006
450127730	29189	38.524305	-90.281646
450075171	29189	38.6405067	-90.4963991
450073550	29189	38.6447563	-90.3051161
450133922	29189	38.510685	-90.378688
450059563	29189	38.5662856	-90.4198038
450149700	29189	38.441318	-90.321292
450126194	29189	38.5614	-90.339
450107872	29189	38.834879	-90.296289
450141196	29189	38.668724	-90.296645
450051606	17163	38.6301285	-90.1495935
450125340	29189	38.569576	-90.42532
450074880	29189	38.6369004	-90.4401824
450149787	29189	38.579749	-90.652894
450121378	29189	38.831177	-90.3132
450150789	29189	38.745347	-90.236676
450140362	29189	38.805422	-90.343986
450141188	29189	38.556234	-90.336067
450152602	29189	38.516812	-90.366692
450060595	29189	38.6672975	-90.3657815
450132472	29189	38.727	-90.2554
450067040	29189	38.6058918	-90.3562038
450056631	34035	0.0000000	0.0000000
450053944	29189	38.5787763	-90.3346561
450133506	29189	38.644919	-90.343345
450068328	29510	38.5687228	-90.2504255
450140315	29189	38.789401	-90.301554
450122698	29189	38.566888	-90.617942
450134953	29189	38.597181	-90.63594
450132081	29189	38.814806	-90.31938
450133474	29189	38.788625	-90.270755
450142090	29189	38.747774	-90.264283
450110899	29189	38.830472	-90.320206
450129936	29189	38.723468	-90.345596
450053657	29510	38.6520989	-90.2836914
450061484	29183	38.7177135	-90.6757778
450131442	29189	38.69329	-90.384101
450133924	29189	38.726967	-90.270871
450073852	29510	38.6093182	-90.2565948
450127732	29189	38.524327	-90.281433
450138127	29189	38.707368	-90.307124
450082663	29510	38.665894	-90.259627
450152554	29189	38.7283	-90.387583
450106815	29189	38.783591	-90.379583
450055046	29189	38.5302768	-90.4905984
450122216	29189	38.504667	-90.637616
450057879	29510	38.6605256	-90.1995868
450081543	29510	38.640305	-90.23072
450056363	29189	38.7422695	-90.4438681
450131805	29189	38.664323	-90.330377
450114975	29189	38.57605	-90.369835
450065956	29510	38.7177135	-90.2335812
450110425	29189	38.620266	-90.354156
450116025	29189	38.789041	-90.288369
450079077	29510	38.630712	-90.201549
450049209	29189	38.5763380	-90.3596173
450141015	29189	38.644775	-90.339631
450132272	29189	38.710046	-90.29369
450064164	29189	38.5599347	-90.3593851
450125176	29189	38.496311	-90.631335
450081244	29510	38.606942	-90.302479
450136478	29189	38.822572	-90.217452
450146182	29189	38.460001	-90.306138
450125865	29189	38.639181	-90.328042
450122226	29189	38.526212	-90.632492
450066968	23015	0.0000000	0.0000000
450134906	29189	38.640009	-90.397691
450053014	29189	38.6446027	-90.3622366
450075432	29189	38.6536907	-90.4816862
450129289	29189	38.755208	-90.196718
450117070	29189	38.6069	-90.5921
450051800	29510	38.6326748	-90.2604403
450122432	29189	38.63216	-90.441858
450137656	29189	38.545791	-90.379883
450123560	29189	38.524593	-90.287772
450078738	29510	38.613504	-90.24298
450069716	29099	38.3689360	-90.3910394
450154982	29510	38.604838	-90.225515
450144512	29189	38.68176	-90.29751
450152912	29189	38.512067	-90.492866
450127418	29189	38.469374	-90.397913
450139272	29189	38.504258	-90.309668
450060766	29189	38.7172818	-90.2849145
450129273	29189	38.645635	-90.550253
450051785	29189	38.6414779	-90.3344132
450051550	29510	38.6428809	-90.2546973
450145117	29189	38.780768	-90.292242
450126471	29189	38.782806	-90.24369
450140845	29189	38.512891	-90.316733
450066117	29189	38.6057119	-90.3905039
450144786	29189	38.595078	-90.387394
450143535	29189	38.675316	-90.331699
450129776	29189	38.718271	-90.388085
450143048	29189	38.622347	-90.315298
450138227	29189	38.815473	-90.349
450114453	29189	38.654128	-90.637521
450108882	29189	38.761526	-90.326111
450122679	29189	38.713	-90.2681
450120122	29189	38.795419	-90.301568
450122671	29189	38.712395	-90.268551
450107866	29189	38.576537	-90.471459
450134399	29189	38.5821	-90.3859
450145813	29189	38.567752	-90.539149
450108416	29189	38.708737	-90.319114
450055882	29189	38.6544821	-90.6434922
450082662	29510	38.585917	-90.220688
450145223	29189	38.656737	-90.449618
450109456	29189	38.480831	-90.333722
450119997	29189	38.7109	-90.32851
450145539	29189	38.818017	-90.343449
450120436	29189	38.771159	-90.235117
450144829	29189	38.690847	-90.470014
450110422	29189	38.620709	-90.353001
450127729	29189	38.537711	-90.272586
450123456	29189	38.653833	-90.322247
450107769	29189	38.668165	-90.347277
450152457	29189	38.757667	-90.213282
450147742	29189	38.795396	-90.304286
450063415	29189	38.6795525	-90.2849459
450148871	29189	38.603366	-90.500749
450124974	29189	38.697806	-90.278455
450127070	29189	38.750059	-90.289414
450073973	29189	38.7841194	-90.2235088
450148073	29189	38.717296	-90.42426
450139558	29189	38.624643	-90.580705
450115106	29189	38.610178	-90.549397
450126727	29189	38.590441	-90.625645
450151417	29189	38.653425	-90.363602
450064280	29099	38.4066579	-90.5887532
450154927	29510	38.635843	-90.212815
450153023	29189	38.573511	-90.319636
450134907	29189	38.639992	-90.387184
450082664	29510	38.626278	-90.240757
450071899	29189	38.7064809	-90.2958952
450140314	29189	38.77148	-90.31071
450053144	29189	38.5465095	-90.3436852
450122459	29189	38.596192	-90.402373
450108113	29189	38.552218	-90.29979
450140592	29189	38.790675	-90.359233
450148074	29189	38.736741	-90.397319
450130541	29189	38.608633	-90.373559
450071541	29189	38.7869253	-90.2918123
450073685	29189	38.5405290	-90.3951984
450051858	29189	38.6497157	-90.4091828
450127755	29189	38.579483	-90.510634
450139396	29189	38.70649	-90.376875
450066496	29189	38.5590820	-90.3043848
450132722	29189	38.4938	-90.2857
450126743	29189	38.66928	-90.528507
450109543	29189	38.510332	-90.627082
450113647	29189	38.806089	-90.255328
450133092	29189	38.753043	-90.313877
450134597	29189	38.731568	-90.365237
450110550	29189	38.737764	-90.419475
450054196	29183	38.7979150	-90.4999964
450064220	29189	38.6512660	-90.4055486
450145453	29189	38.780785	-90.297119
450148610	29189	38.665232	-90.309901
450125061	29189	38.735306	-90.251368
450066892	29189	38.5521264	-90.3341278
450084011	29510	38.608233	-90.200217
450109161	29189	38.531431	-90.311089
450152170	29189	38.682866	-90.504345
450133396	29189	38.659672	-90.308171
450051771	29510	38.6403178	-90.2122763
450139477	29189	38.6165	-90.3439
450075742	29510	38.5828871	-90.3053021
450115635	29189	38.825316	-90.325749
450139972	29189	38.665234	-90.470892
450068865	29189	38.5854548	-90.4407934
450070735	29189	38.5939497	-90.3284969
450058895	29189	38.6860933	-90.4177893
450105312	29189	38.75108	-90.327027
450143049	29189	38.612603	-90.324091
450144872	29189	38.599024	-90.419142
450071619	29510	38.5697030	-90.2628811
450105263	29189	38.559481	-90.32201
450063499	29189	38.5225246	-90.2719103
450117080	29189	38.56309	-90.383023
450059521	29189	38.7489019	-90.2554887
450146183	29189	38.47235	-90.319865
450118848	29189	38.822677	-90.217433
450153008	29189	38.419568	-90.338531
450086338	29510	38.653927	-90.196462
450116285	29189	38.640969	-90.392462
450107459	29189	38.626846	-90.686374
450053428	29189	38.6205936	-90.4438739
450108114	29189	38.55222	-90.299814
450073333	29189	38.6362888	-90.4522064
450145459	29189	38.7293	-90.2516
450054704	29189	38.5964938	-90.3549807
450144357	29189	38.572603	-90.406465
450106873	29189	38.811563	-90.226679
450134401	29189	38.589118	-90.421612
450117211	29189	38.809013	-90.303296
450153452	29189	38.680468	-90.459093
450053381	29189	38.6554174	-90.4553616
450119530	29189	38.786101	-90.324626
450152908	29189	38.607293	-90.594412
450108112	29189	38.552257	-90.299658
450125522	29189	38.74888	-90.233202
450110110	29189	38.512317	-90.474794
450121590	29189	38.595598	-90.591555
450058370	29189	38.6727767	-90.3914690
450073454	29189	38.6320800	-90.4741858
450139196	29189	38.612603	-90.324091
450058774	29189	38.6439806	-90.3669093
450133720	29189	38.777196	-90.264311
450140316	29189	38.731227	-90.303977
450069984	29189	38.7381011	-90.2634926
450050502	29189	38.7941289	-90.3709077
450133726	29189	38.618261	-90.576443
450149005	29189	38.687845	-90.278791
450057726	29189	38.5843942	-90.5575856
450108111	29189	38.552329	-90.299794
450060777	29189	38.5479125	-90.3355104
450058784	29189	38.6023920	-90.5092338
450148075	29189	38.740014	-90.4536
450071442	29510	38.5772663	-90.3030988
450075314	29189	38.6525306	-90.4198038
450135701	29189	38.788023	-90.197995
450119991	29189	38.734361	-90.233296
450140752	29189	38.746658	-90.250527
450116860	29189	38.683516	-90.442481
450136148	29189	38.756799	-90.300044
450129938	29189	38.736235	-90.39642
450108525	29189	38.670046	-90.477263
450056649	29189	38.5269133	-90.3145112
450107663	29189	38.590929	-90.54235
450060178	29189	38.5150379	-90.4183991
450129731	29189	38.579113	-90.359289
450135960	29189	38.806347	-90.35463
450074758	29189	38.5314908	-90.3479030
450137163	29189	38.5306	-90.3746
450125689	29189	38.758222	-90.205738
450125024	29189	38.776081	-90.396513
450113553	29189	38.666476	-90.503892
450082661	29510	38.676588	-90.209654
450152159	29189	38.713315	-90.355115
450111165	29189	38.712245	-90.385132
450050487	29189	38.6800052	-90.3945588
450108923	29189	38.496955	-90.324618
450128518	29189	38.784131	-90.378855
450105072	29189	38.780789	-90.296243
450060535	29189	38.5883190	-90.6708945
450152914	29189	38.609415	-90.66387
450074783	29189	38.6032747	-90.4133916
450134527	29189	38.741909	-90.264709
450115129	29189	38.649662	-90.344744
450108909	29189	38.726524	-90.293496
450150904	29189	38.638687	-90.306445
450066498	29189	38.7933195	-90.2597623
450137361	29189	38.625657	-90.404506
450113636	29189	38.66734	-90.501351
450136475	29189	38.757294	-90.24332
450116336	29189	38.727243	-90.30489
450147878	29189	38.737083	-90.434313
450061134	29189	38.6549475	-90.3955288
450153766	29189	38.796128	-90.369949
450152913	29189	38.515752	-90.49147
450128512	29189	38.831177	-90.3132
450117754	29189	38.734361	-90.233296
